all	fir	pine	spruce
1700	0	0	0	0
1701	0	0	0	0
1702	0	0	0	0
1703	0	0	0	0
1704	0	0	0	0
1705	0	0	0	0
1706	0	0	0	0
1707	0	0	0	0
1708	0	0	0	0
1709	0	0	0	0
1710	0	0	0	0
1711	0	0	0	0
1712	0	0	0	0
1713	0	0	0	0
1714	0	0	0	0
1715	0	0	0	0
1716	0	0	0	0
1717	0	0	0	0
1718	0	0	0	0
1719	0	0	0	0
1720	0	0	0	0
1721	0	0	0	0
1722	0	0	0	0
1723	0	0	0	0
1724	0	0	0	0
1725	0	0	0	0
1726	0	0	0	0
1727	0	0	0	0
1728	0	0	0	0
1729	0	0	0	0
1730	0	0	0	0
1731	0	0	0	0
1732	0	0	0	0
1733	0	0	0	0
1734	0	0	0	0
1735	0	0	0	0
1736	0	0	0	0
1737	0	0	0	0
1738	0	0	0	0
1739	0	0	0	0
1740	0	0	0	0
1741	0	0	0	0
1742	0	0	0	0
1743	0	0	0	0
1744	0	0	0	0
1745	0	0	0	0
1746	0	0	0	0
1747	0	0	0	0
1748	0	0	0	0
1749	0	0	0	0
1750	0	0	0	0
1751	0	0	0	0
1752	0	0	0	0
1753	0	0	0	0
1754	0	0	0	0
1755	0	0	0	0
1756	0	0	0	0
1757	0	0	0	0
1758	0	0	0	0
1759	0	0	0	0
1760	0	0	0	0
1761	0	0	0	0
1762	0	0	0	0
1763	0	0	0	0
1764	0	0	0	0
1765	0	0	0	0
1766	0	0	0	0
1767	0	0	0	0
1768	0	0	0	0
1769	0	0	0	0
1770	0	0	0	0
1771	0	0	0	0
1772	0	0	0	0
1773	0	0	0	0
1774	0	0	0	0
1775	0	0	0	0
1776	0	0	0	0
1777	0	0	0	0
1778	0	0	0	0
1779	0	0	0	0
1780	0	0	0	0
1781	0	0	0	0
1782	0	0	0	0
1783	0	0	0	0
1784	0	0	0	0
1785	0	0	0	0
1786	0	0	0	0
1787	0	0	0	0
1788	0	0	0	0
1789	0	0	0	0
1790	0	0	0	0
1791	0	0	0	0
1792	0	0	0	0
1793	0.221981019076214	0.0880583632374512	0.0702998049360536	0.0636228509027092
1794	1.28001429641754	0.534663134935919	0.408945421915734	0.336405739565891
1795	2.20369839351903	0.775077084258357	0.580321156645565	0.848300152615105
1796	5.41058175713295	1.66442084513916	1.22780872790533	2.51835218408847
1797	6.95606812045549	1.75109846706891	1.27767018839904	3.92729946498754
1798	10.8737674387557	2.0551939065427	1.48842188617902	7.33015164603401
1799	11.1757230150903	2.23957802137796	1.61241011650539	7.32373487720697
1800	15.0917136148959	2.15268132871468	1.54276775751235	11.3962645286689
1801	14.7648155990741	2.48662855807471	1.775251860668	10.5029351803314
1802	17.1973601784398	2.76737755519598	1.96862678481756	12.4613558384263
1803	18.8065388594093	3.26076902236272	2.31172540076218	13.2340444362844
1804	20.6135585368716	4.52625748280708	3.1972517233944	12.8900493306701
1805	20.0320623417542	4.65429965122048	3.27603159926259	12.1017310912711
1806	22.9611933827002	5.37459038224462	3.77080779072112	13.8157952097344
1807	25.1470522445189	5.52947126605284	3.46044441014403	16.157136568322
1808	22.1720382535354	5.31204112381338	3.45722029046497	13.4027768392571
1809	24.1581491794685	5.77132354935392	3.83978973419069	14.5470358959239
1810	26.0480702318846	7.12507412253568	4.3728669197733	14.5501291895756
1811	25.7295708016118	6.99757162341606	3.82389856568525	14.9081006125105
1812	30.6133458638038	8.03550242326718	4.12219199931028	18.4556514412264
1813	28.7807308049877	6.09154466782585	3.74769756871422	18.9414885684476
1814	31.2906018335709	6.62894045081121	3.92840595721288	20.7332554255468
1815	32.1146468422201	6.30267203973095	3.90997179940868	21.9020030030805
1816	36.1641023496925	7.81040482880204	4.30589383081861	24.0478036900719
1817	36.740005307779	7.77447576371958	4.34782567891895	24.6177038651405
1818	34.9444584353984	8.34865234612386	4.79274204430084	21.8030640449737
1819	37.8946357359681	9.17151134887712	5.02242523602919	23.7006991510618
1820	41.5127529022002	10.7298289963471	5.3451936867988	25.4377302190543
1821	44.576245900453	9.81714257274021	4.7868434302433	29.9722598974694
1822	44.2184909716756	10.2488562920261	4.58300720615064	29.3866274734988
1823	47.1953622190755	11.5441711058699	4.67020283881714	30.9809882743885
1824	46.1789994727291	13.3317490753459	5.19085499428524	27.6563954030979
1825	48.8089109916633	12.8756801161651	5.10969053070698	30.8235403447913
1826	50.9120566294665	13.1944776159799	4.61039228914376	33.1071867243429
1827	44.0927375995236	13.1164174811973	3.85741321735846	27.1189069009678
1828	56.2077160608605	13.8061242242993	4.35739750624443	38.0441943303168
1829	56.3204831924323	12.2711501983251	5.43745712756557	38.6118758665417
1830	37.9414990472824	4.42139690218071	2.84206012654478	30.6780420185569
1831	44.2639517089084	10.142940846808	4.24176496079211	29.8792459013083
1832	51.4387805071612	9.85901037043005	5.99169055355848	35.5880795831727
1833	53.6507647480256	10.9112609597339	5.29087425577685	37.4486295325148
1834	40.4664687391553	9.73218792423379	3.38250142286811	27.3517793920533
1835	45.0366104530542	14.0747084846941	4.19963792195682	26.7622640464033
1836	49.1424005756138	14.4410715199376	4.92030243831031	29.7810266173659
1837	53.2533246146659	17.4933880180359	4.96742843163231	30.7925081649977
1838	46.4315682951541	14.8553519750532	4.87274721945753	26.7034691006434
1839	49.6543478936973	17.1825866719338	5.40907532831812	27.0626858934454
1840	48.6914557463926	15.5722924720637	5.19714337417058	27.9220199001584
1841	46.8122936798627	10.7456482509036	4.38045218252769	31.6861932464314
1842	44.1801927292702	15.2742976697337	4.69246620823933	24.2134288512971
1843	56.1544590634602	13.3761043507951	6.13004278650579	36.6483119261593
1844	56.3072966578561	16.6098803998385	5.65359026005562	34.043825997962
1845	42.5703113657675	16.8169531099237	4.62398799891094	21.1293702569329
1846	42.2907739223908	15.278416979357	4.13083350359473	22.8815234394391
1847	32.8873796295233	11.1742499745554	2.87018820049009	18.8429414544778
1848	37.1976345288421	12.6592092750116	3.29729832039465	21.2411269334358
1849	40.490724431789	13.2982134161945	3.81723727594357	23.3752737396509
1850	37.5830350139338	13.8766797346064	3.77482824513043	19.931527034197
1851	33.1908075035922	16.091891096117	3.31375904875517	13.78515735872
1852	39.6120442056264	15.0917857467023	3.73487380383713	20.785384655087
1853	42.1050396897381	12.9795447179147	3.57347099470052	25.5520239771229
1854	43.4892049238262	15.3906697286644	3.77755739208948	24.3209778030724
1855	46.8317591738718	17.0208948929052	5.53017356078654	24.2806907201802
1856	54.4115443429063	17.9281517941572	5.80425602696615	30.6791365217829
1857	43.886090909774	16.6782446260211	5.42663525069228	21.7812110330607
1858	52.5008909142434	18.4217613709662	6.06135976749828	28.0177697757789
1859	42.0027229879231	16.7811301311233	4.98362252089556	20.2379703359042
1860	45.8995260635135	17.8885414833311	5.61842659348599	22.3925579866965
1861	42.1346854709396	17.20208076839	5.02816177294705	19.9044429296026
1862	52.1717883384756	18.6138788263556	6.38650363369103	27.171405878429
1863	47.1447191605299	18.9627418490313	5.65668336347777	22.5252939480209
1864	49.1556423206559	18.6260335921349	4.99537897118939	25.5342297573315
1865	60.4917897875729	24.6854007740911	6.96150158133378	28.844887432148
1866	60.3405439864341	25.7611288989402	6.36112632640673	28.2182887610872
1867	65.4983430947098	24.3404058633802	6.28940724156747	34.8685299897621
1868	57.0484663430003	18.5139376349755	4.60806605073918	33.9264626572856
1869	65.7337211135402	20.2099586678802	6.16369069458107	39.3600717510788
1870	58.2634976226203	18.3381645661106	5.32454052452321	34.6007925319865
1871	62.854224971033	22.1608463559369	5.71733043531024	34.9760481797858
1872	61.7772795496041	23.5476445713232	5.88206573783816	32.3475692404428
1873	67.5314935779724	22.5659150112826	5.78240585424351	39.1831727124463
1874	55.6870114963922	22.8152036090145	4.4085716389677	28.46323624841
1875	53.8683719341815	18.8641529059502	4.36021370395983	30.6440053242714
1876	61.9495328920044	21.7330260280245	4.55658190374068	35.6599249602392
1877	57.8845663032096	25.4450122600235	6.08313141023407	26.3564226329521
1878	46.1280676577441	18.6928441374841	4.44196673328627	22.9932567869738
1879	44.4650888728969	22.7567508187852	4.55805837312588	17.1502796809858
1880	43.3889395145802	25.105847302371	4.81743291296871	13.4656592992405
1881	59.2432761834269	29.8202241746233	6.45163244181288	22.9714195669907
1882	46.4509241117566	26.3226911224122	5.19060480644828	14.9376281828962
1883	44.0505414625481	22.3441997618797	4.53573884344048	17.1706028572279
1884	51.4552470842398	25.3081272731034	5.0339837918266	21.1131360193098
1885	55.6046575720762	25.1408756157238	5.80787202168291	24.6559099346695
1886	42.6875491373287	18.9916888877244	3.84026165313822	19.855598596466
1887	39.8101822195298	19.9326122005527	3.77235783651262	16.1052121824644
1888	48.8736055900114	22.5204522707726	4.09239064652237	22.2607626727165
1889	39.7583805309577	19.1690321069974	3.2429692451781	17.3463791787823
1890	41.5008516014535	26.6217534477525	3.95357292713989	10.9255252265611
1891	45.1388612260404	24.2027692140227	5.13280774372807	15.8032842682896
1892	47.1890031433965	24.1339623142381	4.77043615786171	18.2846046712967
1893	48.5536737869234	26.7980941997277	4.95607761328287	16.7995019739128
1894	59.4415205271214	29.5823215459037	5.82940422044569	24.0297947607721
1895	55.5456031695065	25.8901765949985	5.40453235378797	24.25089422072
1896	60.1320417654108	29.5238134907394	5.82218433297237	24.786043941699
1897	69.9648714157084	31.3823961766614	6.56707775089142	32.0153974881556
1898	103.256834534856	32.7863131843281	12.6340096501876	57.8365117003405
1899	116.648818433788	37.8048936871363	13.6915989400968	65.1523258065544
1900	123.282774056939	39.6679937704326	14.8608015960164	68.7539786904897
1901	122.397791570027	40.852347931979	14.6836457604667	66.8617978775811
1902	109.837271739416	36.020669066099	14.7253177159711	59.0912849573461
1903	149.872422287862	52.9718185996026	20.2338765757237	76.6667271125358
1904	146.888860946695	50.0209661361517	17.6820713070198	79.185823503523
1905	129.147116005912	42.8280547943673	15.4102128211595	70.9088483903856
1906	130.376432824359	53.2449322096792	16.6981336507241	60.4333669639561
1907	187.880801930472	76.8616052115087	21.7034536560217	89.3157430629416
1908	231.818293549811	98.5984445984944	26.5976205657336	106.622228385583
1909	249.468670252505	89.9434832537679	25.8462582081961	133.67892879054
1910	309.021299999372	112.449603616258	28.8393270355565	167.732369347557
1911	417.735166415901	138.837434460229	37.1528938276453	241.744838128027
1912	471.219770368471	172.792271899877	41.4940838011214	256.933414667472
1913	442.231671679949	182.276757874643	45.445792910222	214.509120895084
1914	546.680042944211	219.066334107682	53.3916353057193	274.222073530809
1915	536.184556335253	221.60048280436	55.09519583615	259.488877694743
1916	722.070535265271	310.288109840801	67.2666497668482	344.515775657622
1917	828.537257025748	396.068655248917	75.5903067375056	356.878295039326
1918	932.301983429222	420.205725914337	81.8607747961197	430.235482718765
1919	940.800513096356	467.249402394976	75.9454273581683	397.605683343212
1920	969.055588535055	450.166545204809	75.6744829527299	443.214560377516
1921	1171.76714823493	512.755660652402	92.7501210924212	566.261366490107
1922	1322.1103772986	566.744447019849	110.05489720113	645.311033077619
1923	1375.14102429391	576.965783044404	116.848773787151	681.326467462354
1924	1378.01355804238	610.753736010055	119.64561845528	647.614203577047
1925	1418.91879088744	636.683068297516	129.682154473672	652.553568116256
1926	1402.5558882305	602.567618040719	135.209814514387	664.778455675395
1927	1524.8732281204	693.551770988607	150.691660226299	680.629796905493
1928	1521.99708788256	681.699218989907	154.760361791696	685.537507100961
1929	1676.89683895857	792.778430404203	179.115429871819	705.002978682546
1930	1657.45488425583	717.151507897202	187.882601844596	752.420774514028
1931	1577.17791792821	711.336059875135	210.437502245996	655.404355807076
1932	1797.87694480347	866.62436901157	279.912594777712	651.33998101419
1933	1972.57499404284	957.180706855332	301.309113086144	714.085174101364
1934	1997.17386891599	945.939519528664	344.354049863598	706.880299523732
1935	2063.12906669558	1004.90133898126	387.079681243471	671.148046470849
1936	2340.08835678494	1057.54314355837	455.895062748677	826.650150477897
1937	2316.67391208864	985.311740753897	505.191045828086	826.17112550666
1938	2522.31815509499	1071.69336064804	593.106703679541	857.518090767415
1939	2407.49740071578	947.48345045784	600.022792675749	859.991157582189
1940	2433.80903422844	926.229053479915	649.263557217584	858.316423530939
1941	2381.60428990704	942.68362133321	678.339008014183	760.581660559644
1942	2820.2471051328	1201.348840082	799.522169416495	819.37609563431
1943	2856.16292866856	1235.75730630288	852.335071302013	768.070551063675
1944	2619.26227818798	991.416557116997	829.97975556205	797.865965508935
1945	2862.94177062421	1242.01505978287	880.496140045611	740.430570795723
1946	3092.65536278086	1218.26405866057	954.057109972253	920.334194148037
1947	3300.94072624724	1301.8123245035	1082.16898606254	916.959415681193
1948	3030.77770311894	1250.17011008168	984.814724036727	795.79286900053
1949	3443.82150630233	1293.1597583765	1172.27081131149	978.390936614347
1950	3146.62209275827	1176.15597446392	1015.21028184727	955.255836447075
1951	3635.19118668718	1273.16022143791	1219.86875394417	1142.1622113051
1952	3532.09391179806	1324.9134098897	1195.62579381166	1011.55470809671
1953	3570.05296178701	1359.33307140921	1240.87121864097	969.848671736833
1954	3389.92786545933	1417.91940196647	1101.00815080405	871.000312688812
1955	3397.2005639921	1272.4958462833	1223.00844165975	901.696276049051
1956	3372.47345179074	1247.92146057968	1183.12746609947	941.424525111597
1957	3753.69045915205	1403.68592065885	1415.1229012524	934.881637240796
1958	3634.41716205718	1373.59834345465	1313.07032203821	947.748496564325
1959	3475.22048251401	1214.61941483811	1352.8160932971	907.784974378792
1960	3381.93231128622	1190.50893573101	1235.75776449448	955.665611060726
1961	3810.25256090441	1376.95982765496	1472.94943399825	960.343299251197
1962	3559.53271576984	1264.4250464058	1373.12551599985	921.982153364192
1963	3170.8147373989	1093.53939022782	1224.57324047618	852.702106694896
1964	3273.6250173478	1118.36654616321	1288.74966298188	866.508808202705
1965	3599.05977208573	1269.70717779343	1394.58815496534	934.764439326965
1966	3042.00067664431	1094.82416988529	1121.23584851888	825.940658240136
1967	2995.14621188474	1180.78122803292	1178.02159890024	636.343384951582
1968	3180.70480637719	1198.60951038578	1225.42069930061	756.674596690791
1969	3553.6005567916	1299.45462134091	1421.01530732909	833.130628121593
1970	3390.88167994973	1230.68477035242	1334.8599543026	825.336955294709
1971	3577.51138154189	1296.99713604824	1359.39636117912	921.117884314528
1972	3501.361113681	1173.75785127019	1350.16057801805	977.442684392763
1973	3535.12774495494	1226.27279371961	1389.41957199817	919.435379237166
1974	3521.59828158726	1176.90731298667	1379.21490978681	965.476058813775
1975	3518.54923561043	1096.58965304497	1456.60642576092	965.353156804543
1976	3243.26809243141	1088.20131198932	1292.55325809322	862.513522348866
1977	3117.63161526379	1013.6607683254	1222.03216424079	881.938682697606
1978	3414.06859476558	1108.23782071772	1453.38395916524	852.446814882622
1979	3366.49457920681	1163.23330353606	1343.96355894966	859.29771672109
1980	3356.89780982724	1053.56132924543	1420.29497490303	883.041505678786
1981	3098.25850701084	1013.75697780839	1396.36530612635	688.1362230761
1982	3409.10725949492	1116.60911476516	1596.20360874989	696.294535979873
1983	3641.01237438839	1199.94789847099	1618.20023715121	822.864238766196
1984	3483.30041234012	1130.39837822911	1544.96958987026	807.932444240744
1985	3266.0517172196	971.165766808702	1499.52718668082	795.358763730081
1986	3705.4856084403	1098.66995421005	1671.4379272314	935.377726998849
1987	3673.03467757311	1010.37534407951	1594.46019649225	1068.19913700134
1988	3308.32658290309	852.008684231729	1441.11348421489	1015.20441445648
1989	3313.34408693399	1048.27953361374	1442.9346417621	822.129911558151
1990	3441.83303912929	935.93580202187	1586.75316135381	919.144075753605
1991	3214.5770850207	812.721399606018	1546.75200716298	855.103678251707
1992	3116.53878199947	944.037621411436	1437.55559042916	734.945570158869
1993	3373.82385781282	895.825156240672	1613.27519132611	864.723510246041
1994	3675.24106100286	1069.18953912701	1670.41000887728	935.641512998564
1995	3779.06616992292	1023.91390298496	1881.61149636773	873.540770570226
1996	3774.68081823431	935.262702749972	1781.52752267731	1057.89059280703
1997	3638.51601686307	860.991033451527	1896.94187633273	880.583107078814
1998	3896.69070365186	815.208243080169	2050.15195417963	1031.33050639206
1999	3678.0069618731	782.990079514835	1970.53330119844	924.483581159828
2000	3529.4286841821	643.190797937565	1857.86299283728	1028.37489340725
2001	3264.31207612302	838.820146272523	1592.50137109626	832.990558754235
2002	2709.45042432572	665.759281421888	1305.94736110201	737.743781801824
2003	3043.46081879409	790.621483500499	1477.81275378856	775.026581505033
2004	3006.00338794071	727.717602708178	1579.72405014739	698.561735085141
2005	3400.50505702486	773.860467011913	1764.82917187726	861.815418135691
2006	3056.76310212625	802.180917909233	1594.72540181144	659.856782405578
2007	3415.34871298537	855.164354634338	1715.52499205592	844.659366295105
2008	2945.60552196062	750.990262929502	1434.95080434559	759.664454685524
2009	3185.018561502	795.423487959034	1558.9827191789	830.612354364063
2010	3224.04299655364	800.577710444047	1581.76769732712	841.697588782476
2011	3282.10172639667	806.82740367315	1651.92705391532	823.3472688082
2012	3185.1961787668	810.823563463089	1568.39811584147	805.97449946224
