all	fir	pine	spruce
1700	0	0	0	0
1701	0	0	0	0
1702	0	0	0	0
1703	0	0	0	0
1704	0	0	0	0
1705	0	0	0	0
1706	0	0	0	0
1707	0	0	0	0
1708	0	0	0	0
1709	0	0	0	0
1710	0	0	0	0
1711	0	0	0	0
1712	0	0	0	0
1713	0	0	0	0
1714	0	0	0	0
1715	0	0	0	0
1716	0	0	0	0
1717	0	0	0	0
1718	0	0	0	0
1719	0	0	0	0
1720	0	0	0	0
1721	0	0	0	0
1722	0	0	0	0
1723	0	0	0	0
1724	0	0	0	0
1725	0	0	0	0
1726	0	0	0	0
1727	0	0	0	0
1728	0	0	0	0
1729	0	0	0	0
1730	0	0	0	0
1731	0	0	0	0
1732	0	0	0	0
1733	0	0	0	0
1734	0	0	0	0
1735	0	0	0	0
1736	0	0	0	0
1737	0	0	0	0
1738	0	0	0	0
1739	0	0	0	0
1740	0	0	0	0
1741	0	0	0	0
1742	0	0	0	0
1743	0	0	0	0
1744	0	0	0	0
1745	0	0	0	0
1746	0	0	0	0
1747	0	0	0	0
1748	0	0	0	0
1749	0	0	0	0
1750	0	0	0	0
1751	0.296634017530758	0	0.296634017530758	0
1752	1.30734576618747	0	1.30734576618747	0
1753	2.70092447221278	0	2.70092447221278	0
1754	3.26254396446927	0	3.26254396446927	0
1755	7.36541259965881	0	7.36541259965881	0
1756	8.9725596865358	0	8.9725596865358	0
1757	10.5441100413741	0	10.5441100413741	0
1758	11.5682861133015	0	11.5682861133015	0
1759	13.2218927381434	0	13.2218927381434	0
1760	18.572700133681	0	18.572700133681	0
1761	22.2710614762735	0	22.2710614762735	0
1762	24.2927990383275	0	24.2927990383275	0
1763	23.6378935758808	0	23.5651253870163	0.0727681888645198
1764	27.717311267711	0	27.4937130718235	0.22359819588741
1765	36.666840057992	0	36.0805913172159	0.586248740776095
1766	23.9706405354886	0.0483071526667661	23.0913383069324	0.830995075889383
1767	30.1553226932241	0.22145888383683	28.3743330657067	1.55953074368062
1768	42.1028302416642	0.468036461670647	39.8491922977198	1.78560148227371
1769	46.6276289799167	0.805791833886153	43.31016963245	2.51166751358058
1770	63.9278331003916	1.28959505259925	59.7892805577263	2.84895749006603
1771	54.772376418925	1.58639897638862	50.1654116187766	3.02056582375975
1772	60.1262947202562	1.70906086245973	54.7706715553781	3.64656230241846
1773	76.1467728240682	2.28411918667346	70.5393504940274	3.3233031433674
1774	61.5728188421616	2.56300739014949	54.6958376810467	4.3139737709654
1775	59.1789201342405	2.38636829090595	53.1611152699797	3.63143657335486
1776	64.8065209456625	2.63736300351632	58.9481325519528	3.22102539019343
1777	70.4055773765089	3.11595300614267	64.0769460710691	3.21267829929712
1778	83.6708995446805	5.05587752333309	74.1636839858986	4.45133803544876
1779	106.581831368609	5.66415075098835	97.1827597509842	3.73492086663602
1780	114.323847473694	6.84957986008194	103.4134015766	4.06086603701198
1781	101.876810618738	7.35705121053099	90.8274963995462	3.69226300866073
1782	132.022567693178	8.67090986407133	117.440775713051	5.91088211605581
1783	126.588742242577	9.73454884319315	110.167433755287	6.68675964409724
1784	133.941057478435	11.4360456824321	116.550339706566	5.95467208943762
1785	142.050667080288	12.0951756287489	124.295182615192	5.66030883634742
1786	122.998152332107	9.36998694639113	109.511212597924	4.11695278779158
1787	149.005400122128	12.0483295885559	131.921633859122	5.03543667444993
1788	166.812043077627	13.7547905142875	147.083639433715	5.97361312962499
1789	155.799284743843	14.6922532115927	135.478428823013	5.62860270923724
1790	150.702844732616	13.9414530612714	132.167335182912	4.59405648843288
1791	115.119201928897	14.5909878203744	95.7463159343483	4.78189817417471
1792	193.090636553371	14.6941246231549	173.672862314854	4.72364961536243
1793	215.520637841917	14.6855951906288	196.504579777082	4.33046287420626
1794	243.228716557343	17.7814755143413	218.266686246431	7.18055479657052
1795	223.732091549722	16.31257540666	201.608104478443	5.81141166461855
1796	224.504457688532	16.0029955573182	200.798199212056	7.70326291915787
1797	242.880673941039	20.1370701004995	215.640974577903	7.10262926263614
1798	283.121912396053	19.2335873740553	255.934190814265	7.95413420773275
1799	277.645000929663	18.8914940045982	251.134075931609	7.61943099345535
1800	267.445431434003	17.9997599060535	240.390232212547	9.05543931540228
1801	248.692602287778	18.3191665653165	220.462705439796	9.91073028266543
1802	249.824268445305	16.6931777491613	223.052291459829	10.0787992363147
1803	233.340218478797	15.8588527951145	206.601391291806	10.8799743918762
1804	221.10301357904	16.2186892734943	190.936846483519	13.9474778220273
1805	220.243605757692	14.5937148594582	191.969548279822	13.6803426184119
1806	235.928946946304	15.6993490681411	206.507831402213	13.72176647595
1807	268.87578834352	17.6616239232774	235.388915935369	15.8252484848734
1808	272.16384938729	17.2175177890115	240.828632708997	14.1176988892815
1809	271.482333553908	17.4105928858197	239.371380169945	14.7003604981437
1810	257.025865580812	15.7454159512172	224.830425773498	16.450023856097
1811	283.864844332747	17.9665251943814	240.322578097712	25.5757410406537
1812	335.756170660559	21.103706867114	290.326234922045	24.3262288714008
1813	326.952227852435	22.2886866659652	284.42420717299	20.2393340134795
1814	309.765871268376	21.9546284608021	267.230156347784	20.5810864597903
1815	360.708940001992	26.7990520758357	309.854126331385	24.0557615947715
1816	369.674567211709	26.4029473275294	317.537320872002	25.7342990121778
1817	372.253746251074	24.2816786960014	322.769999782112	25.2020677729614
1818	310.199282085866	25.1410905757684	262.209145569953	22.8490459401447
1819	339.489851896118	26.8861800605748	287.702388446766	24.9012833887776
1820	354.301224452365	28.2445389201131	300.840921958592	25.2157635736603
1821	361.928790140896	29.3364794289683	301.736306306045	30.8560044058832
1822	335.251578243932	30.1713040032516	275.531953610856	29.5483206298238
1823	353.490271637543	31.8569149425117	289.646830488665	31.9865262063661
1824	351.665301637392	31.2146934629098	285.113331994568	35.3372761799139
1825	391.174852216627	35.5144844945778	316.194687734582	39.4656799874673
1826	375.931620794967	34.1035527048642	300.688833374586	41.1392347155167
1827	357.695521397374	34.9701072008986	284.089660884578	38.6357533118978
1828	420.825514455384	36.5001683059765	338.009364625423	46.3159815239843
1829	418.20610617245	35.2020224363377	333.619982255462	49.3841014806501
1830	405.180659857809	37.1034814471033	316.19327286862	51.8839055420856
1831	373.485816307065	33.3554735000725	288.730432879159	51.3999099278335
1832	356.413901108998	32.2134979166348	271.193137617314	53.0072655750498
1833	398.330184578338	34.6419739968047	305.105496145157	58.5827144363764
1834	347.843166948733	32.2111319895169	265.166455492929	50.4655794662861
1835	298.845652220687	31.1793638618808	220.501328267213	47.1649600915928
1836	273.015732827474	31.9690168558044	191.886985377578	49.159730594092
1837	317.681811779002	30.5591168217222	236.102743435387	51.0199515218928
1838	299.206655203225	35.4440170390374	213.393101263314	50.3695369008731
1839	338.623345296712	41.0910413134246	241.479258482294	56.0530455009926
1840	371.609808507628	47.7072740157575	258.400153034116	65.5023814577538
1841	395.306492084254	49.3060143008629	272.513691966402	73.4867858169884
1842	346.753380492289	45.1570073133739	241.082377574588	60.5139956043266
1843	421.004987357178	51.0112820768819	295.144264828668	74.8494404516273
1844	402.652242148925	48.4220897064649	276.742389916576	77.4877625258842
1845	320.439500694733	43.1671223500133	219.591146333346	57.6812320113738
1846	344.59188911661	43.2265214138024	236.456878635856	64.9084890669525
1847	347.88298407845	47.9886905041471	239.654455001946	60.2398385723565
1848	371.821060934243	51.0876773221767	251.752373845001	68.9810097670651
1849	396.048425447086	46.1543205886443	275.300491497211	74.5936133612304
1850	369.483544156946	36.8329783815953	266.665139683955	65.9854260913962
1851	307.994202996125	35.7766436376261	222.368012641553	49.8495467169459
1852	361.991356906991	43.425357657825	254.919708574766	63.6462906743995
1853	377.061538329421	45.3059487031381	260.318624381682	71.4369652446012
1854	359.079558796257	48.2369407424511	245.672847007523	65.1697710462825
1855	381.476356649896	59.0917429380848	248.079723171752	74.3048905400591
1856	443.06324993965	54.7234708770763	296.882487560588	91.4572915019863
1857	408.215093602917	48.3845971652964	280.502448612768	79.328047824853
1858	444.696352198907	60.5024813744085	293.056942539361	91.1369282851372
1859	403.099710533122	57.4191900342381	271.092852625145	74.5876678737384
1860	396.329105276838	61.0696159689355	259.763966269526	75.4955230383761
1861	359.123371526891	54.744099197755	237.988799250137	66.3904730789989
1862	445.597282659448	63.4299317874706	305.120969653344	77.046381218634
1863	385.915356689704	55.3092155976738	257.316652646256	73.2894884457737
1864	406.085485623664	51.4034457951206	278.55838526013	76.1236545684136
1865	381.452571914569	46.1622595000708	253.814656307912	81.4756561065862
1866	450.580053674029	46.2356743122616	328.254143797537	76.0902355642299
1867	492.012114321493	52.6155639478458	353.000205549303	86.3963448243445
1868	473.401935082393	66.747210076016	326.865449392881	79.7892756134963
1869	509.673567799126	78.1073647104457	337.380151344098	94.1860517445825
1870	499.606795464804	71.9217317198642	330.386928983189	97.2981347617505
1871	482.051861356988	69.0828292737445	312.344202814791	100.624829268453
1872	447.22492752744	54.8005348767102	310.537273258011	81.8871193927191
1873	481.552194965216	76.8316992415542	300.673843069556	104.046652654106
1874	436.044417709987	71.8769571740566	278.830508183172	85.3369523527581
1875	479.662496838479	84.6275161593903	302.785786049539	92.2491946295497
1876	546.019556688014	85.719283541678	354.220756198985	106.079516947351
1877	512.409091741915	72.1185117694416	350.857930476492	89.4326494959813
1878	460.51768256191	77.5569742833086	293.760285647651	89.2004226309505
1879	390.206410675155	64.1854705600324	253.227804625455	72.7931354896681
1880	354.811590199919	56.948908457732	238.794748691137	59.0679330510506
1881	457.383445874168	70.5392832611387	296.01790982137	90.8262527916592
1882	356.458964989461	48.5686428855439	249.709407437628	58.180914666289
1883	404.19343297526	64.3135607844766	270.356418725428	69.5234534653559
1884	467.694378201412	77.7736979070786	310.553016730893	79.3676635634401
1885	561.384135399285	84.8683118404323	382.722243973043	93.7935795858107
1886	466.308357148368	73.1382354356308	308.951171617028	84.2189500957089
1887	387.992572554515	60.3734916930573	260.708497638247	66.9105832232111
1888	400.155629426926	66.6106206914458	261.770878001024	71.7741307344567
1889	407.430633820562	72.4508174911103	268.145579506514	66.8342368229373
1890	326.289487527617	57.3539873631746	217.192198895693	51.7433012687487
1891	385.081838648386	66.5186728372263	261.995473558015	56.5676922531455
1892	414.111128155302	73.185533009742	278.466763037711	62.4588321078486
1893	357.151770545289	60.9828979471357	241.724563271582	54.4443093265709
1894	432.583385260014	82.0374648470005	281.030500654021	69.5154197589927
1895	420.007583513939	78.692843338515	272.611530096998	68.7032100784265
1896	387.713867545484	67.1736203514175	252.862059086434	67.6781881076323
1897	416.956482929348	72.9913816998187	265.346986700636	78.6181145288938
1898	440.23074107527	80.0459334422117	268.953918424204	91.2308892088541
1899	452.81076810445	81.9138999614644	265.879698267389	105.017169875596
1900	505.518286788805	92.1285420172054	306.887207275295	106.502537496305
1901	497.18852823591	93.0134408142862	299.568621881806	104.606465539818
1902	409.913278733384	80.3541339129901	246.218421279868	83.3407235405264
1903	472.50082266457	90.9230400837843	277.927940694256	103.64984188653
1904	465.943010910812	93.7222574389877	267.122419770115	105.098333701709
1905	493.113371421445	98.7944040272182	287.318646623304	107.000320770923
1906	377.326470917865	81.9538025145249	208.481357606686	86.8913107966542
1907	594.293230209274	108.429521727478	349.393537816792	136.470170665003
1908	628.151637709419	129.855987005136	353.042662242694	145.252988461589
1909	758.7720239304	159.75895303252	399.087315338311	199.92575555957
1910	827.69974585595	174.319198900989	440.958130134538	212.422416820423
1911	1064.35166797169	216.664688250328	582.766438785693	264.92054093567
1912	1206.78911162628	242.390676475042	655.159599476573	309.238835674666
1913	1173.03898394185	250.301750687201	610.466596549712	312.270636704935
1914	1529.24263132552	276.737135929809	854.665191845223	397.840303550488
1915	1460.80779221997	265.731834263575	773.879981493349	421.195976463045
1916	1795.35979148901	336.035022919458	926.624767610854	532.700000958698
1917	1928.05301810234	385.17882389162	927.939527498074	614.934666712646
1918	2024.19189257089	422.683108681629	898.958515042332	702.550268846928
1919	1873.81188897617	422.910439896252	782.901786924025	667.99966215589
1920	1990.95712394109	458.65759743848	808.306933639013	723.992592863594
1921	2378.38333333028	557.244658314983	984.497207074613	836.641467940684
1922	2671.50254177953	657.433987647656	1150.48227930171	863.586274830165
1923	2751.68352488667	704.395706796571	1156.88500810953	890.402809980576
1924	2700.64042116287	739.526373048009	1076.44605043359	884.667997681273
1925	2619.36386580927	748.159328531958	1083.20981166787	787.994725609441
1926	2911.13285735142	804.061441361154	1266.5059777071	840.565438283165
1927	2833.10053258224	775.773739735169	1184.12153574264	873.205257104432
1928	2877.86127179234	854.9985250639	1127.8935111677	894.969235560748
1929	2718.20513954081	816.546899820232	1076.42150264585	825.23673707473
1930	2640.11246079527	722.047413230554	876.298863063134	1041.76618450159
1931	2490.05930139973	766.668583526506	800.099259200377	923.291458672843
1932	2452.11147061216	770.392662098038	867.394026589607	814.32478192451
1933	2855.05804590813	914.672465924312	988.20392702072	952.181652963099
1934	2552.01125849573	780.197485917421	884.675077856665	887.138694721641
1935	2556.44034881273	799.447055358706	910.998176695575	845.995116758448
1936	2827.31442618931	893.808329127723	944.553608622524	988.952488439062
1937	2831.42499032728	919.596878950163	999.396000105102	912.432111272019
1938	2967.0036612337	944.212630489651	1082.9530763614	939.83795438265
1939	3191.26695614996	1024.26016730931	1205.79094147274	961.215847367916
1940	3264.5872249942	1024.46582108526	1259.97567236103	980.145731547899
1941	2869.83763152668	897.430814487688	1136.23053435179	836.176282687201
1942	2881.88612810899	930.414672897372	1078.61835547229	872.853099739329
1943	2737.02539648146	792.600873225536	1103.98102425881	840.443498997112
1944	2814.60125074202	794.545820295608	1138.84394500328	881.211485443129
1945	2707.81540448476	780.278626437906	1125.55208299661	801.984695050237
1946	3144.73613871555	926.622603556054	1236.43641501567	981.677120143821
1947	3374.64574683999	993.253189351087	1400.36825885277	981.024298636135
1948	2819.47907643398	807.023012869868	1154.69198290337	857.76408066074
1949	3385.26345408678	1008.9922059949	1290.30188529231	1085.96936279957
1950	3339.79393448121	1030.09039521897	1224.22175932591	1085.48177993633
1951	3788.20451204271	1049.24936015332	1496.3103368273	1242.6448150621
1952	3461.84570153117	1023.31305067673	1302.67336538454	1135.8592854699
1953	3345.71442764423	993.761773191046	1295.46754576575	1056.48510868743
1954	3004.70267439741	921.344596454806	1134.98858954494	948.369488397658
1955	3181.91451879876	952.974362864539	1218.50682176284	1010.43333417138
1956	3238.65894339533	997.893847840768	1139.95726365267	1100.80783190189
1957	3470.29987404267	1057.54889905408	1329.54387874375	1083.20709624484
1958	3373.17210125051	1104.53905327569	1165.20618986149	1103.42685811334
1959	3201.41986189695	989.1634409758	1150.87700013634	1061.37942078482
1960	3089.34798720081	977.776379625068	974.852688614181	1136.71891896156
1961	3513.55044052534	1042.77741988456	1316.09220171211	1154.68081892866
1962	3285.42890992105	1070.06534103314	1156.2515717816	1059.11199710631
1963	3051.61014330411	936.693257727765	1114.91238712156	1000.00449845478
1964	3165.54801453039	921.260808868563	1162.60289109043	1081.6843145714
1965	3363.43421392306	1112.50295795218	1161.15549940576	1089.77575656512
1966	3173.26139782492	1041.71047773057	1075.3613409411	1056.18957915326
1967	2788.27104102359	890.326210524719	1044.73865930203	853.206171196841
1968	2960.35545706051	935.396552674021	1071.83887706598	953.1200273205
1969	3057.39631035296	1027.17144350173	1067.42127748414	962.803589367081
1970	3096.96613807936	899.921302913683	1124.11190586512	1072.93292930056
1971	3189.93561692278	1005.14732971235	1024.92097076738	1159.86731644306
1972	3376.52263544417	1070.68282662418	1069.85516438907	1235.98464443092
1973	3489.52629706724	1124.78918810907	1237.13154469736	1127.6055642608
1974	3368.64118084453	1050.3767019688	1187.84070435108	1130.42377452464
1975	3497.04527033397	1142.50153572098	1256.40750869177	1098.13622592122
1976	3094.08711080451	1023.91544735094	1097.77641908548	972.395244368091
1977	3144.60434922314	1072.2709378711	1063.63165315598	1008.70175819607
1978	3218.34768170711	1026.62539408562	1233.19661486349	958.525672757994
1979	3130.9493818302	1010.23272256923	1176.54416746712	944.17249179386
1980	3232.94936537664	1007.3072787283	1227.60811857331	998.033968075033
1981	2916.85581962872	913.888629552705	1178.17477992348	824.792410152535
1982	2917.62570615432	987.528651048368	1233.03923444939	697.057820656555
1983	3110.8468888977	1035.70609759756	1184.43040778246	890.710383517677
1984	3003.80424733046	914.234293116259	1231.35483610157	858.215118112634
1985	2989.48047039866	941.47325575403	1171.09486150756	876.912353137067
1986	3505.43179834861	1064.79922294331	1370.01244814808	1070.62012725722
1987	3772.80347164704	1167.83543630579	1302.09019113691	1302.87784420433
1988	3613.81872743354	1080.58687824151	1279.09877671336	1254.13307247867
1989	3119.97254861882	930.798015842124	1173.5450719647	1015.629460812
1990	3427.62347316199	1020.41871072583	1239.73792022266	1167.4668422135
1991	3159.534836691	950.027021272089	1173.06753653012	1036.44027888878
1992	2706.2801925877	826.873483845786	1060.90610474861	818.500603993305
1993	3483.46102627134	1041.73207790755	1340.93110762552	1100.79784073827
1994	3617.79113685647	1002.25936992354	1341.57970600048	1273.95206093245
1995	3428.49784505443	909.49124055838	1390.90440017627	1128.10220431978
1996	3481.31055582378	1036.33364709718	1193.6738796858	1251.3030290408
1997	3270.88669676822	973.646535198761	1291.80210966842	1005.43805190103
1998	3752.54418362637	1196.38928449914	1416.71733768001	1139.43756144721
1999	3567.93053593163	1116.66637082295	1427.82727364824	1023.43689146045
2000	3401.04758941564	985.40212676094	1303.84487847281	1111.80058418189
2001	3115.54864042462	909.022007911113	1258.34657380694	948.180058706568
2002	2625.45939902512	817.562962448632	945.68999951298	862.20643706351
2003	2751.43251800987	795.307324776709	1097.10595441014	859.019238823018
2004	2277.126611286	684.292983501315	930.582999565428	662.25062821926
2005	3064.90620692196	910.87991278069	1231.15734152242	922.868952618857
2006	2637.99093047608	703.67206858964	1143.90401901633	790.414842870107
2007	3101.16772757515	881.660470776921	1251.09874876891	968.408508029313
2008	2797.63769470763	800.426671461167	1094.71235038979	902.498672856677
2009	2821.44460043639	841.209170544666	1122.70880876116	857.526621130562
2010	2983.05588264059	907.337243617023	1128.05985918534	947.658779838227
2011	3131.8950150904	937.686486896451	1231.73344682272	962.475081371235
2012	2796.4107332106	829.054959517295	1033.0352262236	934.320547469709
